0


1


2


3


4


5


6


7

15


15


15


15


15


15


15


15

8


9


10


11


12


13


14


15

15


15


15


15


15


15


15


15

16


17


18


19


20


21


22


23

15


2


8


2


2


8


8


15

24


25


26


27


28


29


30


31

2


8


2


2


8


8


2


2

32


33


34


35


36


37


38


39

15


15


6


8


2


8


15


15

40


41


42


43


44


45


46


47

2


8


2


2


2


15


15


6

48


49


50


51


52


53


54


55

6


2


6


8


15


15


2


2

56


57


58


59


60


61


62


63

15


15


15


15


15


2


2


15
