0




1




2




3




4




5




6




7

0


0


1


1


0


0


0


1


0


1


1


1


0


0


0


1


0


0


0


0


0


0


1


1


0


0


0


1


0


0


0


0

0


0


1


1


0


0


0


1


0


1


1


1


0


0


1


1


0


0


0


1


0


1


1


1


0


0


1


1


0


0


0


1

0


0


1


1


0


0


0


1


0


1


1


1


0


0


1


1


0


0


0


1


0


1


1


1


0


1


1


1


0


0


1


1

0


0


1


1


0


0


0


1


0


1


1


1


0


1


1


1


0


0


1


1


1


1


1


1


1


1


1


1


0


1


1


1

8


9


10


11


12


13


14


15

0


0


0


0


0


0


1


1


0


0


0


0


0


0


0


0


0


0


0


1


0


0


0


0


0


0


0


0


0


0


0


0

0


0


0


0


0


1


1


1


0


0


0


1


0


0


0


0


0


1


1


1


0


0


0


0


1


1


1


1


0


0


0


0

0


0


0


1


1


1


1


1


0


1


1


1


0


0


0


1


1


1


1


1


1


1


1


1


1


1


1


1


0


0


0


0

0


0


1


1


1


1


1


1


1


1


1


1


0


1


1


1


1


1


1


1


1


1


1


1


1


1


1


1


1


1


1


1

16


17


18


19


20


21


22


23

0


0


0


0


0


1


1


1


0


0


0


0


0


1


1


1


0


0


1


1


0


0


0


0


0


0


0


0


0


1


1


1

1


0


0


0


0


0


0


1


0


0


0


0


0


0


1


1


0


0


0


1


1


0


0


0


0


0


0


0


0


0


1


1

1


1


1


0


0


0


0


0


1


0


0


0


0


0


0


1


0


0


0


0


1


1


0


0


1


0


0


0


0


0


1


1

1


1


1


1


0


0


0


0


1


1


1


0


0


0


0


0


0


0


0


0


1


1


1


0


1


1


0


0


0


0


0


1

24


25


26


27


28


29


30


31

0


0


1


1


0


0


0


0


0


1


1


0


0


0


1


1


0


0


0


1


0


0


0


0


0


1


1


1


0


0


1


1

0


0


0


1


1


0


0


0


0


1


1


0


0


1


1


0


0


1


1


1


1


1


1


1


0


0


0


1


1


0


0


1

0


0


0


1


1


0


0


0


0


1


1


0


0


1


1


0


1


1


1


0


1


1


1


1


1


0


0


0


1


0


0


1

0


0


0


0


1


1


0


0


0


1


1


0


1


1


0


0


1


0


0


0


0


0


0


0


1


1


1


0


1


1


0


0

32


33


34


35


36


37


38


39

0


1


0


1


0


0


0


0


0


1


0


1


0


0


1


1


0


0


1


1


0


1


0


1


0


1


1


0


0


1


0


1

0


1


0


1


1


1


1


1


1


0


1


0


0


0


1


1


1


1


0


0


0


1


0


1


1


0


0


1


1


0


1


0

0


1


0


1


0


0


0


0


0


1


0


1


1


1


0


0


0


0


1


1


1


0


1


0


0


1


1


0


1


0


1


0

0


1


0


1


1


1


1


1


1


0


1


0


1


1


0


0


1


1


0


0


1


0


1


0


1


0


0


1


0


1


0


1

40


41


42


43


44


45


46


47

0


1


1


1


0


0


0


1


0


0


1


1


0


0


1


1


0


1


1


0


0


0


1


1


0


1


1


0


0


0


0


0

0


0


1


1


0


0


1


1


0


0


1


0


1


0


1


1


1


0


0


1


1


1


0


0


0


1


1


0


0


1


1


0

1


1


0


0


1


1


0


0


0


1


0


0


1


1


0


1


1


0


0


1


1


1


0


0


1


0


0


1


0


1


1


0

1


1


1


0


1


0


0


0


1


1


0


0


1


1


0


0


0


1


1


0


0


0


1


1


1


0


0


1


0


0


0


0

48


49


50


51


52


53


54


55

0


1


0


0


0


0


1


0


0


0


0


0


0


0


0


0


0


1


1


0


0


0


1


1


0


1


1


0


0


0


1


1

1


1


1


0


0


1


1


1


0


0


1


0


0


1


0


0


1


1


0


0


0


1


1


0


0


0


1


1


1


0


0


1

0


1


0


0


0


0


1


0


0


1


1


1


1


1


1


0


1


0


0


1


1


1


0


0


1


0


0


1


1


1


0


0

0


0


0


0


0


0


0


0


0


0


1


0


0


1


0


0


0


0


1


1


1


0


0


1


1


1


0


0


0


1


1


0

56


57


58


59


60


61


62


63

0


1


1


0


0


1


1


0


0


1


1


1


0


0


0


1


0


0


0


0


0


0


1


1


0


0


1


0


0


1


0


0

1


1


0


0


0


0


1


1


1


1


1


0


1


0


0


0


1


1


1


1


0


0


1


1


0


0


1


0


0


1


0


0

1


1


0


0


0


0


1


1


1


0


0


0


1


1


1


0


0


0


1


1


1


1


1


1


1


1


1


0


0


1


1


1

1


0


0


1


1


0


0


1


0


0


0


1


0


1


1


1


0


0


1


1


0


0


0


0


1


1


1


0


0


1


1


1
