0


1


2


3


4


5


6


7

15


8


8


3


15


15


3


8

8


9


10


11


12


13


14


15

15


15


15


15


15


15


15


8

16


17


18


19


20


21


22


23

15


8


15


3


15


8


15


8

24


25


26


27


28


29


30


31

3


15


6


10


15


15


10


8

32


33


34


35


36


37


38


39

15


3


15


10


10


8


9


10

40


41


42


43


44


45


46


47

6


15


8


15


3


6


6


8

48


49


50


51


52


53


54


55

15


3


15


15


15


15


15


15

56


57


58


59


60


61


62


63

15


15


15


15


3


15


15


8
