0


1


2


3


4


5


6


7

3


3


15


15


8


3


15


15

8


9


10


11


12


13


14


15

8


8


6


6


6


5


3


3

16


17


18


19


20


21


22


23

3


3


8


15


3


3


6


10

24


25


26


27


28


29


30


31

5


8


8


6


8


5


15


15

32


33


34


35


36


37


38


39

8


15


3


5


6


10


8


15

40


41


42


43


44


45


46


47

15


3


15


5


15


15


15


15

48


49


50


51


52


53


54


55

3


15


5


5


5


8


5


10

56


57


58


59


60


61


62


63

5


10


8


13


15


12


3


3
